1000
502
165
233
344
480
329
464
207
608
833
298
684
107
232
490
355
25
579
179
186
324
934
719
800
843
309
545
96
94
159
60
234
388
926
573
304
66
681
632
927
2
146
829
30
908
538
155
761
171
878
193
125
29
664
857
568
445
432
500
172
783
369
114
450
774
65
296
181
659
187
290
344
947
252
185
179
105
690
891
306
154
783
925
215
965
934
206
723
69
6
859
633
181
460
144
632
32
379
256
844
242
973
103
983
588
849
178
776
480
678
463
755
541
194
18
1
444
898
484
839
858
572
112
653
328
657
163
487
109
552
148
726
434
47
64
180
680
941
627
116
757
429
244
391
543
105
92
987
442
143
189
133
894
417
985
670
862
450
656
931
687
690
668
928
531
737
321
494
130
837
321
502
272
369
83
430
329
721
111
224
565
176
45
965
364
15
831
18
61
394
318
231
286
695
429
67
760
316
859
805
783
597
857
605
822
686
860
526
334
556
342
142
339
433
367
512
645
702
565
517
905
304
433
736
520
91
217
577
939
16
669
13
861
305
440
967
318
440
144
677
154
305
683
505
52
176
891
852
329
917
422
58
751
343
900
480
164
122
85
731
470
284
587
319
886
329
280
35
992
399
194
205
558
887
363
601
620
928
684
344
200
365
248
23
594
612
262
518
405
960
803
197
356
413
208
870
718
365
619
722
895
857
860
930
723
217
499
863
980
300
859
236
437
740
532
106
36
565
725
275
67
762
629
33
595
997
849
146
680
493
882
256
310
962
449
343
505
318
299
378
113
399
538
106
101
568
760
616
880
102
834
154
640
344
655
134
228
827
335
726
367
354
183
487
417
604
926
474
292
190
601
717
267
347
163
668
224
523
931
28
237
234
266
578
659
729
615
965
307
315
115
677
983
572
11
758
217
52
688
497
642
286
325
691
501
117
887
293
182
987
910
704
896
308
490
134
89
604
828
688
988
960
168
976
75
924
734
694
337
404
451
173
834
435
386
951
909
574
78
542
841
323
783
319
405
410
780
675
82
876
670
612
223
1
508
681
119
348
616
577
382
193
956
778
536
738
869
462
922
539
225
514
527
286
846
666
178
848
572
665
144
59
612
460
733
838
949
834
926
705
833
561
958
500
161
649
367
6
782
666
541
318
753
543
652
157
86
936
154
841
504
270
775
951
434
323
580
496
45
698
788
36
535
217
706
663
556
27
126
198
300
172
67
905
124
825
305
70
807
577
753
14
681
85
202
563
785
7
67
837
69
870
960
85
878
506
782
536
837
989
600
59
810
955
542
332
203
870
827
608
18
511
688
468
945
775
355
451
16
143
877
549
960
289
130
429
211
982
28
618
43
769
232
818
976
694
203
725
543
869
361
915
180
458
819
558
183
492
140
103
152
332
521
695
112
52
98
522
826
113
121
221
842
209
566
249
279
870
492
251
573
629
907
147
781
962
370
503
469
572
247
719
842
925
467
710
248
537
707
924
596
680
898
431
748
140
74
970
892
570
279
312
1
888
529
522
425
374
913
150
681
595
53
255
865
402
379
917
741
855
1
742
164
567
655
893
731
477
398
642
888
399
610
898
293
934
718
953
396
945
286
874
624
557
243
1
627
643
565
347
761
157
229
38
570
537
149
433
234
636
790
947
975
272
261
283
984
155
961
930
683
425
521
796
569
127
118
606
324
654
266
88
912
52
880
732
171
573
329
756
785
286
719
759
155
339
898
353
296
960
16
473
682
634
663
337
635
433
468
443
419
543
110
580
371
703
36
924
391
529
113
412
825
205
146
398
705
762
641
231
228
765
310
363
638
793
406
279
388
543
98
737
105
885
338
243
177
140
389
452
303
973
961
767
848
604
647
477
489
266
632
873
791
238
215
653
233
746
942
578
298
756
537
847
431
375
307
939
867
902
222
566
373
190
927
255
804
542
514
34
146
929
790
123
911
224
946
867
670
685
10
430
197
811
154
547
437
114
337
474
297
708
609
586
44
66
500
601
311
960
848
691
232
908
432
368
966
414
936
207
428
440
269
182
892
791
369
562
37
381
817
691
206
41
737
438
320
204
79
845
724
346
557
710
836
319
199
289
379
785
580
23
178
130
47
857
439
427
694
252
697
937
565
929
143
158
485
192
172
994
49
763
335
91
483
82
882
559
346
574
593
80
184
251
801
794
513
77
993
879
998
892
510
826
148
786
781
627
567
678
833
8
118
384
737
816
688
88
646
965
974
879
82
120
659
618
754
314
129
349
645
409
198
292
995
157
254
508
942
696
